
### Gamma2_0
		 340        0.5843910579                   0       0.01901595101       0.01237296299     0.0006548143692    -0.0006473613919
                 360         1.520998451                   0       0.04517930682       0.02613510187     0.0008966975431     -0.001812241716
                 380         1.753685465                   0       0.05253577419       0.03027214264     0.0005043821375      -0.00231010322
                 400         1.746849544                   0       0.05293481787       0.03398301853    -0.0006432293402     -0.002726424802
                 420         1.635113389                   0       0.04959303101       0.03820714721     0.0005445205691     -0.003093462953
                 440         1.514177798                   0       0.04539200849       0.04322467401     -0.002170850956     -0.003401647892
                 460         1.347153325                   0       0.03584024946       0.05275487671     -0.001492297893     -0.003813713642
                 480          1.20140949                   0        0.0103812187       0.05596316133      0.001157631422     -0.003798566825
                 500         1.051242959                   0      -0.03725315433       0.03913736792      0.005146865734     -0.001887839305
                 520        0.9271587645                   0      -0.03970127184       0.01040739848      0.007211116921    -9.524254566e-05
                 540        0.8119332074                   0       -0.0429829843     -0.002834024451      0.007918559064      0.001004471146
                 560         0.708099058                   0      -0.04191048663      -0.01781798664      0.008410448193      0.002221689618
                 580          0.62130548                   0      -0.02574059629      -0.01577126868      0.003692368748      0.001432598879
                 600        0.5408814815                   0      -0.01564921057      -0.01115825187      0.003695612304      0.000975414713
                 620        0.4793215955                   0      -0.01011418122     -0.008364623307       0.00252204867     0.0007840921656
                 640         0.413724919                   0     -0.006410563486     -0.006542836274      0.002125619393     0.0005196916241
                 660        0.3646529416                   0      -0.00468894871     -0.005111043074      0.001587600467     0.0004342595466
                 680        0.3214912953                   0     -0.003266161974     -0.004073578926      0.001337740206     0.0003330655338
                 700        0.2815844452                   0     -0.002338628466     -0.003248732167      0.001035706168     0.0002432414215
                 720        0.2501235953                   0     -0.001594701905     -0.002547842332     0.0009921475554     0.0001370802228
                 740        0.2167593831                   0     -0.001177496891     -0.002020993403     0.0008084024514     9.850869773e-05
                 760        0.1933446573                   0    -0.0008462621752     -0.001695451506     0.0006123677066      0.000148174207
                 780        0.1740226067                   0    -0.0005737564339     -0.001326285944     0.0006124358568     6.790745782e-05
                 800        0.1541168689                   0    -0.0004147210632     -0.001044602145     0.0005360221287     5.331346077e-05
                 820        0.1378229743                   0    -0.0002680755389    -0.0009606525358     0.0003621678807     5.584132052e-05
                 840        0.1205703053                   0    -0.0001896314635    -0.0007803340181     0.0004001223756     3.672009727e-05
                 860        0.1074094787                   0    -0.0001290322375    -0.0005973412703     0.0002423998344      4.91554658e-05
                 880       0.09715673059                   0    -8.122592335e-05    -0.0005620136461     0.0003147586311     3.393790072e-05
                 900       0.08546119891                   0    -4.989947571e-05    -0.0004303468551     0.0002597841834    -1.288922248e-05
                 920       0.07874290654                   0    -1.900111928e-05    -0.0003635699307     0.0001757758398     2.489746359e-05
                 940       0.07014560131                   0    -2.761126898e-06     -0.000297878483     0.0002074099303     5.063180062e-06
                 960       0.06145549851                   0      1.51491676e-05    -0.0002471040887     0.0001757630946      1.77161699e-05
                 980       0.05559896384                   0      1.98505495e-05    -0.0002254859475     0.0001388971395    -4.739449922e-05
                1000         11.67769256                   0       0.01311304842      -0.01773276059       0.02695761711      0.002766979528


### Gamma2_0 + 3 GeV
                 340        0.5916707916                   0       0.01873039106       0.01339957305     0.0003280432091    -0.0006425620856
                 360         1.526249314                   0       0.04595487939       0.02518110321       0.00149079729     -0.001818208108
                 380         1.732410178                   0       0.05082411452       0.03025417242     7.940296683e-05     -0.002346204761
                 400         1.747267297                   0       0.05175274495       0.03442820048     0.0001929338436     -0.002711031613
                 420         1.642832205                   0        0.0501952418       0.03725064687    -0.0003406199102     -0.002994180923
                 440         1.515618235                   0       0.04656136894       0.04370615081     -0.001731713876     -0.003497786038
                 460         1.355266385                   0       0.03702220431        0.0529425711    -0.0006596230183      -0.00378604783
                 480         1.198090135                   0      0.009036719213       0.05772016709    -1.714722834e-05     -0.003731282541
                 500          1.05167952                   0      -0.03815940236       0.03767090029      0.005287353572     -0.001843688212
                 520        0.9308856684                   0      -0.04262379461      0.009666766453       0.00719234133     9.504853796e-06
                 540        0.8151775458                   0      -0.04451439953     -0.004677869886      0.007382574641       0.00121428341
                 560        0.7088574357                   0      -0.04268982317      -0.01737496597      0.006964547382      0.001903120014
                 580        0.6163999357                   0      -0.02690992506      -0.01524934194      0.004929346309      0.001401140087
                 600         0.543470254                   0      -0.01590181864      -0.01162732794      0.003411044876      0.001123027401
                 620        0.4650122545                   0      -0.01036677231     -0.008698289147      0.002666634776     0.0006936407803
                 640        0.4238307514                   0     -0.006642547665     -0.006554465324      0.002309149698     0.0005803305406
                 660        0.3688500902                   0     -0.004703282575     -0.005095083789      0.001522945672     0.0003891593979
                 680        0.3147727569                   0     -0.003271456338     -0.003932021674      0.001198474537     0.0003237719665
                 700        0.2875059082                   0     -0.002383190563     -0.003110703299      0.001201929555     0.0002051813697
                 720        0.2465105342                   0     -0.001557872429     -0.002440282004     0.0009753853874     0.0001820918435
                 740        0.2192553196                   0     -0.001162581128     -0.002100536227     0.0007199364813     0.0001522654828
                 760         0.195614007                   0    -0.0008087357879     -0.001654058792     0.0006920442939     0.0001025333221
                 780        0.1703646569                   0     -0.000577082381     -0.001340532169      0.000535178094     9.925337137e-05
                 800        0.1560050644                   0    -0.0004151623446     -0.001108591497     0.0003675276417      5.48745058e-05
                 820        0.1357893206                   0    -0.0002994115059    -0.0009244454346     0.0004668138467     3.386602366e-05
                 840        0.1220972958                   0    -0.0001950666067    -0.0007409128359      0.000380056263     3.953318702e-05
                 860        0.1062109835                   0    -0.0001345895936    -0.0006358176344     0.0002988876705     1.210738504e-05
                 880       0.09569006606                   0    -8.253577351e-05    -0.0005395776053     0.0002753481077     2.863021369e-05
                 900       0.08917284506                   0    -4.308272988e-05    -0.0004230439587     0.0002734737727      3.34547274e-05
                 920       0.07826241862                   0    -2.028912026e-05    -0.0003765646433     0.0002279250034     5.860791921e-05
                 940       0.06785972832                   0     -2.44580498e-06    -0.0002992927905      0.000164812744    -3.206904316e-05
                 960       0.06263756889                   0     9.873382114e-06    -0.0002340288707     0.0001499486508     2.962824112e-06
                 980       0.05447156648                   0     1.871346897e-05    -0.0002223838458     0.0001592280678    -2.067065924e-06
                1000          11.6858913                   0       0.01309942275      -0.01798794328       0.02693462954      0.001430375633



### Gamma2_0 + 3 GeV
                 340         0.585847449                   0       0.01991458632       0.01353654345     0.0006086566844    -0.0006442344119
                 360          1.51809302                   0       0.04550030337        0.0258448762      0.001231483895     -0.001793491306
                 380          1.75297828                   0       0.05293661489        0.0309278603    -0.0001330409794     -0.002352947082
                 400         1.748205741                   0       0.05172111109       0.03414205832     0.0001880100575     -0.002688482544
                 420          1.64797556                   0       0.04976455278       0.03746529971     -0.001101351282      -0.00306760224
                 440         1.507684778                   0       0.04560162868        0.0446297154    -0.0004751772213     -0.003402714802
                 460          1.34422903                   0       0.03698765136       0.05299641665     -0.001920253404     -0.003867064133
                 480         1.188318797                   0        0.0105330871       0.05812716509      0.001056379394     -0.003743887043
                 500         1.070187419                   0      -0.03483920359       0.03701941451      0.005372977741      -0.00190574816
                 520        0.9316422504                   0      -0.03543576761           0.0125136      0.006984431197    -0.0001929150336
                 540        0.7945193413                   0      -0.03908355429     -0.001478366136      0.008797003709      0.001003892885
                 560        0.7134002787                   0      -0.04364818942      -0.01797571651      0.007242763447      0.002185959778
                 580        0.6170922927                   0      -0.02517885648      -0.01564903461      0.005085732082      0.001495596051
                 600        0.5428718135                   0      -0.01517395231       -0.0117671346      0.003499138878      0.001043660801
                 620        0.4808072855                   0      -0.01018950731     -0.008618337392      0.002818587287     0.0007138076343
                 640        0.4165427126                   0     -0.006778232075     -0.006979915034       0.00182322111     0.0005476647733
                 660        0.3613373872                   0     -0.004588065677     -0.005156804836      0.001617858172      0.000369540952
                 680        0.3200413431                   0     -0.003269457778     -0.003806505815      0.001293731763     0.0003023905881
                 700        0.2786402535                   0     -0.002307874791     -0.003138502674       0.00105794366      0.000262220315
                 720        0.2491922591                   0      -0.00156701194      -0.00246009989      0.001047417119     0.0001700458961
                 740        0.2235515447                   0      -0.00111640959     -0.002072495223      0.000774964093     0.0001386863871
                 760        0.1939694202                   0    -0.0007947518641     -0.001632798045     0.0006101865989     0.0001042125033
                 780        0.1736441188                   0     -0.000561774356     -0.001416556494     0.0005892659645     8.845076804e-05
                 800        0.1521096508                   0    -0.0004300243785     -0.001045730045     0.0004935740581     4.955408247e-05
                 820        0.1348576579                   0    -0.0002910050637    -0.0009221887979     0.0004393237146     5.144253304e-05
                 840        0.1227148013                   0    -0.0001891733309    -0.0007942102105     0.0003414433077     2.362096318e-05
                 860        0.1095199784                   0    -0.0001208703196     -0.000608736072     0.0003371869511     4.940286215e-05
                 880       0.09564113369                   0    -7.960391347e-05    -0.0005178830838     0.0002693120972     2.576524507e-05
                 900       0.08493054085                   0    -4.493495401e-05     -0.000473146448     0.0002214392955     3.222964066e-06
                 920       0.07734351997                   0    -2.096636944e-05    -0.0003591879248     0.0002203343423     2.968454596e-05
                 940       0.07017988717                   0    -4.804223622e-07    -0.0002852724033     0.0001980777265    -3.467326357e-06
                 960       0.06420296186                   0     1.240736974e-05    -0.0002455415624     0.0001394552563     6.368880122e-06
                 980       0.05595329934                   0     2.245611581e-05    -0.0002232818639     0.0001700973466     2.925262144e-06
                1000         11.65436427                   0       0.01323519853      -0.01822737024       0.02669094636    -0.0002619775864