 Scenerio II: m2=550GeV,m3=700GeV
 mu= 156.25 GeV
 for all of the numbers, unit is in pb
 Cross section
 LO QCD:    486.59451293945312      pb, NLO QCD:   219.79309082031250      pb,NLOW:   212.84232044219971      pb
 Total Cross Section is:   699.43683338165283     

 Numerator
 LO QCD:   -99.688761393229171      pb, NLO QCD:  -64.909912109375000      pb,NLOW:  -62.313763777414955      pb
 Total numerator is:  -162.00252517064413     
 heli. corr.(unexpanded)  -0.23161852141442238     
 heli. corr.(expanded)  -0.24039204453182278     

 for M_ttbar distribution
 M_tt(min)             M_tt(max)                        delta (O \sigma_LO)           delta (O \sigma_NLOW)
   340.00000000000000        350.00000000000000       -1.1723814013492422       -1.0453471501818603     
   350.00000000000000        360.00000000000000       -7.1355269182289804       -4.2455305972029160     
   360.00000000000000        370.00000000000000       -8.8205101033944064       -4.3007551941881772     
   370.00000000000000        380.00000000000000       -8.9743329917088168       -4.5542315107558560     
   380.00000000000000        390.00000000000000       -8.6076209721400829       -4.3130550381005497     
   390.00000000000000        400.00000000000000       -7.9572452377367391       -3.9131551234517197     
   400.00000000000000        410.00000000000000       -7.2446132913113166       -3.6608170273031924     
   410.00000000000000        420.00000000000000       -6.4866087912508839       -3.2358444999783536     
   420.00000000000000        430.00000000000000       -5.8157309890965960       -3.1221110567978898     
   430.00000000000000        440.00000000000000       -5.1133238759919797       -3.1964796960465702     
   440.00000000000000        450.00000000000000       -4.5165653777366206       -2.2752830697856070     
   450.00000000000000        460.00000000000000       -3.9718637173683988       -2.2236382826234999     
   460.00000000000000        470.00000000000000       -3.5069178146229683       -2.0153495469710130     
   470.00000000000000        480.00000000000000       -3.0570944157908646       -1.7380772140254044     
   480.00000000000000        490.00000000000000       -2.6742375374251233       -1.5917118132652643     
   490.00000000000000        500.00000000000000       -2.3575416022943050       -1.5332195212759281     
   500.00000000000000        510.00000000000000       -2.0414680131615208       -1.2372959424657910     
   510.00000000000000        520.00000000000000       -1.7864219471685863       -1.0829487040641796     
   520.00000000000000        530.00000000000000       -1.5463313860301771       -1.0471457149965193     
   530.00000000000000        540.00000000000000       -1.3575922382429082      -0.89587120449607871     
   540.00000000000000        550.00000000000000       -1.1804617192379090      -0.84896591516105280     
   550.00000000000000        560.00000000000000       -1.0174637047338699      -0.78700276284267023     
   560.00000000000000        570.00000000000000      -0.88988792040762899      -0.71036700831016175     
   570.00000000000000        580.00000000000000      -0.76166577825864001      -0.68409580382602131     
   580.00000000000000        590.00000000000000      -0.67008414224918855      -0.61060091423037510     
   590.00000000000000        600.00000000000000      -0.56670491591290351      -0.50456393038446368     
   600.00000000000000        610.00000000000000      -0.49087595418333191      -0.47200631363521323     
   610.00000000000000        620.00000000000000      -0.42398120082744134      -0.40980851007791008     
   620.00000000000000        630.00000000000000      -0.36231083907777073      -0.41598680052485143     
   630.00000000000000        640.00000000000000      -0.30331566543793081      -0.33679314783902825     
   640.00000000000000        650.00000000000000      -0.25932851694566167      -0.34025213194272652     
   650.00000000000000        660.00000000000000      -0.21818772071988426      -0.33697868812226117     
   660.00000000000000        670.00000000000000      -0.17973982818153802      -0.28383936412210548     
   670.00000000000000        680.00000000000000      -0.14787558910164350      -0.24790446861321300     
   680.00000000000000        690.00000000000000      -0.12015888320706521      -0.24868921664509960     
   690.00000000000000        700.00000000000000       -9.5460759191550004E-002 -0.22210794419689139     
   700.00000000000000        710.00000000000000       -7.4026020470301337E-002 -0.19038052688071141     
   710.00000000000000        720.00000000000000       -6.1223931181861202E-002 -0.17756842867393810     
   720.00000000000000        730.00000000000000       -4.3242516252279865E-002 -0.17466083440937730     
   730.00000000000000        740.00000000000000       -2.3385110982516864E-002 -0.15744500688288079     
   740.00000000000000        750.00000000000000       -1.4044289166264795E-002 -0.15523285349298949     
   750.00000000000000        760.00000000000000       -6.2563771322276737E-003 -0.15264048784811377     
   760.00000000000000        770.00000000000000        4.1550820869156110E-003 -0.12960558586368159     
   770.00000000000000        780.00000000000000        1.2769556490393479E-002 -0.12374313561058975     
   780.00000000000000        790.00000000000000        1.4943278266128008E-002 -0.12300702879779717     
   790.00000000000000        800.00000000000000        1.9833493528521182E-002  -9.9397947652713148E-002
   800.00000000000000        810.00000000000000        3.0043556628925942E-002 -0.10101045306889971     
   810.00000000000000        820.00000000000000        3.3395984922442813E-002  -8.9984439133098545E-002
   820.00000000000000        830.00000000000000        3.5539194897867145E-002  -8.9973254197136310E-002
   830.00000000000000        840.00000000000000        3.8222813700222451E-002  -8.5889162016479004E-002
   840.00000000000000        850.00000000000000        4.1226800657407393E-002  -8.1329572716774143E-002
   850.00000000000000        860.00000000000000        4.0604274778234625E-002  -7.3515547886431512E-002
   860.00000000000000        870.00000000000000        4.3139743476440173E-002  -7.9506549767508955E-002
   870.00000000000000        880.00000000000000        4.4899765678856819E-002  -6.6402728033660499E-002
   880.00000000000000        890.00000000000000        4.5901608281183337E-002  -5.9757185080380505E-002
   890.00000000000000        900.00000000000000        4.6669387138975921E-002  -5.9313010191189321E-002
   900.00000000000000        910.00000000000000        4.5486514724995590E-002  -5.0869901936797718E-002
   910.00000000000000        920.00000000000000        4.6226333814823273E-002  -5.4067089310782378E-002
   920.00000000000000        930.00000000000000        4.5795692569089309E-002  -5.4944831816586888E-002
   930.00000000000000        940.00000000000000        4.6524694974982357E-002  -5.0427189475941291E-002
   940.00000000000000        950.00000000000000        4.4165186153827564E-002  -4.4976332494922021E-002
   950.00000000000000        960.00000000000000        4.5108448963107201E-002  -4.1846236418375114E-002
   960.00000000000000        970.00000000000000        4.4544070251430749E-002  -3.5632456024083055E-002
   970.00000000000000        980.00000000000000        4.3547684106939162E-002  -3.7563041938467760E-002
   980.00000000000000        990.00000000000000        4.3050430901655452E-002  -3.8340036942244630E-002
   990.00000000000000        1000.0000000000000        4.2739099212146990E-002  -3.0836142758828258E-002
   1000.0000000000000        1010.0000000000000        3.9826700454391330E-002  -3.5785735263575903E-002
   1010.0000000000000        1020.0000000000000        4.0944765615731550E-002  -2.5083170997685672E-002
   1020.0000000000000        1030.0000000000000        3.8520742013291413E-002  -2.9469399586098798E-002
   1030.0000000000000        1040.0000000000000        3.8978644194981087E-002  -3.3598590329315482E-002
   1040.0000000000000        1050.0000000000000        3.7523443972058250E-002  -2.6817624541682513E-002
   1050.0000000000000        1060.0000000000000        3.6354489571038769E-002  -2.6999495314626098E-002
   1060.0000000000000        1070.0000000000000        3.6048987656694766E-002  -2.3964249316290039E-002
   1070.0000000000000        1080.0000000000000        3.5634059738781337E-002  -2.1972691528008098E-002
   1080.0000000000000        1090.0000000000000        3.3374429152850847E-002  -2.5819455169676531E-002
   1090.0000000000000        1100.0000000000000        3.3573722844005560E-002  -2.4158772551244077E-002
   1100.0000000000000        1110.0000000000000        3.1768559341565569E-002  -2.2795111368208897E-002
   1110.0000000000000        1120.0000000000000        3.1123163893853445E-002  -1.8851936091086895E-002
   1120.0000000000000        1130.0000000000000        2.9647267077728828E-002  -1.6026609122979443E-002
   1130.0000000000000        1140.0000000000000        2.9601283028248215E-002  -1.9486595928579434E-002
   1140.0000000000000        1150.0000000000000        2.7816247128864879E-002  -1.8284153844979004E-002
   1150.0000000000000        1160.0000000000000        2.8058179361008701E-002  -1.5663566939639259E-002
   1160.0000000000000        1170.0000000000000        2.6640768806965139E-002  -9.5386353564857456E-003
   1170.0000000000000        1180.0000000000000        2.6424429904664370E-002  -1.5475914765015072E-002
   1180.0000000000000        1190.0000000000000        2.5558047260282362E-002  -1.5264407004918443E-002
   1190.0000000000000        1200.0000000000000        2.4331673717120736E-002  -1.3761680688448996E-002
   1200.0000000000000        1210.0000000000000        2.3865764987414800E-002  -1.1509108636922666E-002
   1210.0000000000000        1220.0000000000000        2.2842150510078804E-002  -1.3440853038175988E-002
   1220.0000000000000        1230.0000000000000        2.2553407399420061E-002  -1.2204568338438642E-002
   1230.0000000000000        1240.0000000000000        2.1812347186727570E-002  -1.1467466310017797E-002
   1240.0000000000000        1250.0000000000000        2.0571252534175542E-002  -1.1884530065643550E-002
   1250.0000000000000        1260.0000000000000        2.0463008694607581E-002  -1.2652102231736767E-002
   1260.0000000000000        1270.0000000000000        1.8873599341598008E-002  -1.2348933513292503E-002
   1270.0000000000000        1280.0000000000000        1.8995273093888387E-002  -1.0988353751777780E-002
   1280.0000000000000        1290.0000000000000        1.8676967062995504E-002  -8.4320294322141696E-003
   1290.0000000000000        1300.0000000000000        1.8188178960382148E-002  -9.7340417649268186E-003
