 Scenerio II: m2=550GeV,m3=700GeV
 mu= 156.25 GeV
 for all of the numbers, unit is in pb
 LO QCD:    575.10076904296875      pb, NLO QCD:   261.80737304687500      pb,NLOW:   253.52307605743408      pb
 Total Cross Section is:   828.62384510040283     

 for M_ttbar distribution
 M_tt(min)             M_tt(max)                        delta\sigma_LO            delta\sigma_NLOW
   320.00000000000000        340.00000000000000        0.0000000000000000        0.0000000000000000     
   340.00000000000000        360.00000000000000        15.795367041432330        10.382428862903842     
   360.00000000000000        380.00000000000000        41.531318412968886        22.216982191740481     
   380.00000000000000        400.00000000000000        48.089385062291576        24.677415520277940     
   400.00000000000000        420.00000000000000        48.379764064390031        23.647926127604524     
   420.00000000000000        440.00000000000000        45.904188387952942        24.311399215355465     
   440.00000000000000        460.00000000000000        42.196938141038252        18.793731504576996     
   460.00000000000000        480.00000000000000        38.071472752457346        16.969020653778394     
   480.00000000000000        500.00000000000000        33.817056576342395        14.468823510892147     
   500.00000000000000        520.00000000000000        30.016839770880583        12.839625798651541     
   520.00000000000000        540.00000000000000        26.423589189296649        10.451460498608308     
   540.00000000000000        560.00000000000000        23.229550931072950        9.2824932417512951     
   560.00000000000000        580.00000000000000        20.455115695105420        8.2283784014094881     
   580.00000000000000        600.00000000000000        17.881475386701428        7.2089586390319287     
   600.00000000000000        620.00000000000000        15.728345322842230        6.4373555208246902     
   620.00000000000000        640.00000000000000        13.816582446395834        5.0912717445391031     
   640.00000000000000        660.00000000000000        12.154979539125202        4.7472690866602001     
   660.00000000000000        680.00000000000000        10.762567252616339        4.3010554345590561     
   680.00000000000000        700.00000000000000        9.4479609129408733        3.7368296138427577     
   700.00000000000000        720.00000000000000        8.3518143639296891        3.0027799077727590     
   720.00000000000000        740.00000000000000        7.3750780684790644        2.6983121729546307     
   740.00000000000000        760.00000000000000        6.5833860190933819        2.4494827579365577     
   760.00000000000000        780.00000000000000        5.8095790148261388        2.0178288513941141     
   780.00000000000000        800.00000000000000        5.1848132132232232        1.7232786822042312     
   800.00000000000000        820.00000000000000        4.6272803508362674        1.5286406127033541     
   820.00000000000000        840.00000000000000        4.1063175134482721        1.5023294058610512     
   840.00000000000000        860.00000000000000        3.6799276327686474        1.0909920445496637     
   860.00000000000000        880.00000000000000        3.2927492606008624        1.1770774936412756     
   880.00000000000000        900.00000000000000        2.9455948006997348        1.0232097178199049     
   900.00000000000000        920.00000000000000        2.6501908867104600       0.89840798086873019     
   920.00000000000000        940.00000000000000        2.3935147347947772       0.76251038455740749     
   940.00000000000000        960.00000000000000        2.1438075899218498       0.71505820160417499     
   960.00000000000000        980.00000000000000        1.9422650879381262       0.64195470571711888     
   980.00000000000000        1000.0000000000000        1.7380054617218497       0.53046111309645250     
   1000.0000000000000        1020.0000000000000        1.5686293166635874       0.46929630253645427     
   1020.0000000000000        1040.0000000000000        1.4290219112388109       0.41054105774356758     
   1040.0000000000000        1060.0000000000000        1.3001999104838928       0.34775123868410318     
   1060.0000000000000        1080.0000000000000        1.1674668627387503       0.37411574143103193     
   1080.0000000000000        1100.0000000000000        1.0732594633485482       0.29518488771962481     
   1100.0000000000000        1120.0000000000000       0.97573294290438883       0.29148186390182451     
   1120.0000000000000        1140.0000000000000       0.88767778011904197       0.24174410768048846     
   1140.0000000000000        1160.0000000000000       0.80802525074162090       0.21013603283722859     
   1160.0000000000000        1180.0000000000000       0.73729050911876215       0.17331296641992383     
   1180.0000000000000        1200.0000000000000       0.67530973817949047       0.16730525015325889     
   1200.0000000000000        1220.0000000000000       0.60853471903384881       0.15415351684006548     
   1220.0000000000000        1240.0000000000000       0.56535082432536687       0.11608185266760342     
   1240.0000000000000        1260.0000000000000       0.51559316980773129       0.14644593811814230     
   1260.0000000000000        1280.0000000000000       0.47424377195825834       0.13520830149777541     
   1280.0000000000000        1300.0000000000000       0.43035949395385664       0.11302632408350891     

  ===========================================
 for transverse momentum distribution of top
 p_T(min)              p_T(max)                        delta\sigma_{LO QCD}        delta\sigma_{NLOW}
   0.0000000000000000        20.000000000000000        13.860174554726960        8.7488698952511417     
   20.000000000000000        40.000000000000000        39.200420840813543        21.045140180614869     
   40.000000000000000        60.000000000000000        58.693847364622961        30.043352125723700     
   60.000000000000000        80.000000000000000        69.032527241750600        31.714958584098266     
   80.000000000000000        100.00000000000000        70.663547511103104        33.314244656087496     
   100.00000000000000        120.00000000000000        65.348427252023384        32.290216211080470     
   120.00000000000000        140.00000000000000        56.451704766223877        23.890830629732580     
   140.00000000000000        160.00000000000000        46.219284046176263        18.429247323694455     
   160.00000000000000        180.00000000000000        36.594150862737841        13.859203991102673     
   180.00000000000000        200.00000000000000        28.284321024095835        10.406485856752020     
   200.00000000000000        220.00000000000000        21.583276046975342        7.8616702444604956     
   220.00000000000000        240.00000000000000        16.294116886879209        6.0312604330689181     
   240.00000000000000        260.00000000000000        12.294533777695806        4.2023183495083485     
   260.00000000000000        280.00000000000000        9.2739461992921317        3.1205546593274192     
   280.00000000000000        300.00000000000000        7.0004032439774937        2.5838872411472686     
   300.00000000000000        320.00000000000000        5.3408278774311739        1.7172005931641672     
   320.00000000000000        340.00000000000000        4.0580438028578234        1.2311173360980199     
   340.00000000000000        360.00000000000000        3.1278703851279217       0.93713396458397213     
   360.00000000000000        380.00000000000000        2.4174674513845371       0.68173903636535726     
   380.00000000000000        400.00000000000000        1.8831042702355782       0.50515189117915671     
   400.00000000000000        420.00000000000000        1.4710198077092793       0.41027969838015466     
   420.00000000000000        440.00000000000000        1.1588157416392153       0.29257382217938088     
   440.00000000000000        460.00000000000000       0.92263544470162617       0.21623456031865415     
   460.00000000000000        480.00000000000000       0.73733796499662063       0.15687696563839998     
   480.00000000000000        500.00000000000000       0.58828900878259904       0.13053801057751871     

  ===========================================
 for PT_tt 
 pT_tt(min)              pT_tt(max)                    delta\sigma_{LO QCD}        delta\sigma_{NLOW}
   0.0000000000000000        50.000000000000000        575.27866796259877       -52.569758147643796     
   50.000000000000000        100.00000000000000        0.0000000000000000        164.50187882679114     
   100.00000000000000        150.00000000000000        0.0000000000000000        64.316783165424269     
   150.00000000000000        200.00000000000000        0.0000000000000000        31.779372461447327     
   200.00000000000000        250.00000000000000        0.0000000000000000        17.508490160928034     
   250.00000000000000        300.00000000000000        0.0000000000000000        10.260012739896753     
   300.00000000000000        350.00000000000000        0.0000000000000000        6.2971783893386331     
   350.00000000000000        400.00000000000000        0.0000000000000000        3.9588767809060066     
   400.00000000000000        450.00000000000000        0.0000000000000000        2.5597807521402056     
   450.00000000000000        500.00000000000000        0.0000000000000000        1.6951925445889922     

  ===========================================
 for rapidity distribution of top and anti-top 
 y(min)              y(max)                            delta\sigma^t_{LO QCD}      delta\sigma^t_{NLOW}                  delta\sigma^tbar_{LO QCD}   delta\sigma^tbar_{NLOW}
  -100.00000000000000       -3.0000000000000000        2.2636409792214085        1.3715150986344880        2.2458292900005792        1.2645314983765312     
  -3.0000000000000000       -2.5000000000000000        8.7543837428169304        4.2189488046217773        8.7513084389268112        4.1281341328313061     
  -2.5000000000000000       -2.0000000000000000        21.489569824286164        10.121226394259892        21.423535803348873        9.7726404981983670     
  -2.0000000000000000       -1.5000000000000000        38.994226437640293        16.775043384157843        39.092185774578837        17.963314682081904     
  -2.5000000000000000       -1.0000000000000000        58.087212772093260        26.345880207119080        58.117758491576716        23.728737069157969     
  -1.0000000000000000      -0.50000000000000000        74.461901989896035        32.872933722980790        74.285643322705027        32.193792762968869     
 -0.50000000000000000        0.0000000000000000        83.676208934229805        36.385557888178845        83.756029730471511        37.125409969788045     
   0.0000000000000000       0.50000000000000000        83.659591543004268        35.401510417232728        83.779642169830780        38.499275534401903     
  0.50000000000000000        1.0000000000000000        74.354362377282584        32.545423929662185        74.273143778868288        31.957066444844251     
   1.0000000000000000        1.5000000000000000        58.032779872052480        24.820212050006194        58.052525874691327        25.335565681262835     
   1.5000000000000000        2.0000000000000000        39.012163984846481        17.673556547011781        39.039717305624656        17.258017001878674     
   2.0000000000000000        2.5000000000000000        21.499705708188653        9.8582588071116266        21.471476884193375        9.7339904969027238     
   2.5000000000000000        3.0000000000000000        8.7463494508284647        4.4017311585700361        8.7446493888186918        3.9843517209976027     
   3.0000000000000000        100.00000000000000        2.2465703465120983        1.3514668732309365        2.2452217092638183        1.1984377888782569     
