 Scenerio II: m2=550GeV,m3=700GeV
 mu= 625 GeV
 for all of the numbers, unit is in pb
 Cross section
 LO QCD:    305.67599487304688      pb, NLO QCD:   243.70617675781250      pb,NLOW:   237.04260063171387      pb
 Total Cross Section is:   542.71859550476074     

 Numerator
 LO QCD:   -61.487401326497398      pb, NLO QCD:  -61.030904134114586      pb,NLOW:  -60.282960573832199      pb
 Total numerator is:  -121.77036190032959     
 heli. corr.(unexpanded)  -0.22437108827471791     
 heli. corr.(expanded)  -0.23799162362222789     

 for M_ttbar distribution
 M_tt(min)             M_tt(max)                        delta (O \sigma_LO)           delta (O \sigma_NLOW)
   340.00000000000000        350.00000000000000      -0.75171629377097737       -0.87850333567020356     
   350.00000000000000        360.00000000000000       -4.5590523078076819       -4.1844843507931566     
   360.00000000000000        370.00000000000000       -5.6155100753414340       -4.6589632848904197     
   370.00000000000000        380.00000000000000       -5.6814299358848928       -4.8445604237137312     
   380.00000000000000        390.00000000000000       -5.4277630835505510       -4.6046181739435008     
   390.00000000000000        400.00000000000000       -4.9968426410383815       -4.1991416509206090     
   400.00000000000000        410.00000000000000       -4.5237526163366475       -3.8865502164548915     
   410.00000000000000        420.00000000000000       -4.0347252365342987       -3.4523134486596447     
   420.00000000000000        430.00000000000000       -3.6037462377910674       -3.2308919461995464     
   430.00000000000000        440.00000000000000       -3.1499520179932001       -3.1011408400358635     
   440.00000000000000        450.00000000000000       -2.7740134442868025       -2.4340080224732605     
   450.00000000000000        460.00000000000000       -2.4263446577647567       -2.2858064387279762     
   460.00000000000000        470.00000000000000       -2.1307220340067614       -1.9994555287526081     
   470.00000000000000        480.00000000000000       -1.8527879871061135       -1.7687194745199435     
   480.00000000000000        490.00000000000000       -1.6112214535337890       -1.5968518142246655     
   490.00000000000000        500.00000000000000       -1.4101143503294342       -1.4668021992200828     
   500.00000000000000        510.00000000000000       -1.2227352957552824       -1.2077344960098360     
   510.00000000000000        520.00000000000000       -1.0564594681502018       -1.0896988270999095     
   520.00000000000000        530.00000000000000      -0.91614455842431886      -0.98744371841652290     
   530.00000000000000        540.00000000000000      -0.79646772916523434      -0.83953493941969748     
   540.00000000000000        550.00000000000000      -0.68479084599655859      -0.76716868430099006     
   550.00000000000000        560.00000000000000      -0.59486008356939546      -0.72621464514148204     
   560.00000000000000        570.00000000000000      -0.50773426185741977      -0.61571757080207590     
   570.00000000000000        580.00000000000000      -0.43983014919807184      -0.57050726593297474     
   580.00000000000000        590.00000000000000      -0.37877259142522707      -0.53775481791193902     
   590.00000000000000        600.00000000000000      -0.32190478188167471      -0.42093468626851599     
   600.00000000000000        610.00000000000000      -0.27343169443481585      -0.39027485874284329     
   610.00000000000000        620.00000000000000      -0.23636155455125452      -0.33874719278181581     
   620.00000000000000        630.00000000000000      -0.19671569689617466      -0.31792041615876854     
   630.00000000000000        640.00000000000000      -0.16615306631999358      -0.26854622267975564     
   640.00000000000000        650.00000000000000      -0.13882205170398002      -0.25206868729979126     
   650.00000000000000        660.00000000000000      -0.11473400798228761      -0.25737249218912406     
   660.00000000000000        670.00000000000000       -9.2093807547487735E-002 -0.20705297096900369     
   670.00000000000000        680.00000000000000       -7.4966144020512090E-002 -0.16709524415409668     
   680.00000000000000        690.00000000000000       -5.7675577942167044E-002 -0.16491961145785725     
   690.00000000000000        700.00000000000000       -4.4601687239366243E-002 -0.15364715577375829     
   700.00000000000000        710.00000000000000       -3.5459590002250664E-002 -0.12903496264530759     
   710.00000000000000        720.00000000000000       -2.4237328060518620E-002 -0.11259816048892980     
   720.00000000000000        730.00000000000000       -1.3128077884954846E-002 -0.10258936086160945     
   730.00000000000000        740.00000000000000       -6.4854426033984216E-003  -9.4212834916133290E-002
   740.00000000000000        750.00000000000000       -1.4126501646830973E-003  -8.8571786499935426E-002
   750.00000000000000        760.00000000000000        6.0072706944846940E-003  -8.0339136247806253E-002
   760.00000000000000        770.00000000000000        1.0036481416522367E-002  -7.4241368148775286E-002
   770.00000000000000        780.00000000000000        1.2577566929364889E-002  -6.2166753005885249E-002
   780.00000000000000        790.00000000000000        1.5957446747078254E-002  -6.2449365366765146E-002
   790.00000000000000        800.00000000000000        1.9242048347540005E-002  -4.9562360325105907E-002
   800.00000000000000        810.00000000000000        2.2754249436675977E-002  -4.2740438895040513E-002
   810.00000000000000        820.00000000000000        2.5412204168985559E-002  -4.5065374874413817E-002
   820.00000000000000        830.00000000000000        2.5178067980535138E-002  -4.1586668548726675E-002
   830.00000000000000        840.00000000000000        2.7176517536362230E-002  -3.7965795094073641E-002
   840.00000000000000        850.00000000000000        2.7301527473687106E-002  -3.5589293892516492E-002
   850.00000000000000        860.00000000000000        2.8467592397443644E-002  -2.1123148099916181E-002
   860.00000000000000        870.00000000000000        2.9637580222912536E-002  -3.1604281104345947E-002
   870.00000000000000        880.00000000000000        2.9425106313092739E-002  -2.5720834605426235E-002
   880.00000000000000        890.00000000000000        2.8934042259409598E-002  -2.1415850869346709E-002
   890.00000000000000        900.00000000000000        3.0200821649693066E-002  -1.6877861871391349E-002
   900.00000000000000        910.00000000000000        2.9954966805244940E-002  -1.8424072735720481E-002
   910.00000000000000        920.00000000000000        2.8853080726347069E-002  -1.5066195903795690E-002
   920.00000000000000        930.00000000000000        2.9120730233423531E-002  -1.7135982373618516E-002
   930.00000000000000        940.00000000000000        2.9389897095015143E-002  -1.4623068913863663E-002
   940.00000000000000        950.00000000000000        2.8178248026026562E-002  -1.0520657146299120E-002
   950.00000000000000        960.00000000000000        2.8268170527315145E-002  -1.0744248934717400E-002
   960.00000000000000        970.00000000000000        2.7573735310820288E-002  -1.1311327132971507E-002
   970.00000000000000        980.00000000000000        2.6571944085663976E-002  -1.0087826506306278E-002
   980.00000000000000        990.00000000000000        2.6208957113354098E-002  -8.9813477714614353E-003
   990.00000000000000        1000.0000000000000        2.5287051356971766E-002  -4.7766038621149835E-003
   1000.0000000000000        1010.0000000000000        2.5116087069105310E-002  -8.7034025797912591E-003
   1010.0000000000000        1020.0000000000000        2.3706272729941830E-002  -1.9933681746085439E-003
   1020.0000000000000        1030.0000000000000        2.3933937812140028E-002  -6.8538819632737594E-003
   1030.0000000000000        1040.0000000000000        2.3334396672077203E-002  -5.8134122921350596E-003
   1040.0000000000000        1050.0000000000000        2.2712081905850834E-002  -2.6672279447764367E-003
   1050.0000000000000        1060.0000000000000        2.1907465074179688E-002  -6.7393517843274868E-003
   1060.0000000000000        1070.0000000000000        2.1488758873939934E-002  -7.9286771825401448E-004
   1070.0000000000000        1080.0000000000000        2.1009707184861337E-002   6.8314201172616634E-005
   1080.0000000000000        1090.0000000000000        2.0137934616861270E-002  -1.7186694629101943E-003
   1090.0000000000000        1100.0000000000000        1.9646672365626741E-002  -3.0787856338997965E-003
   1100.0000000000000        1110.0000000000000        1.8850403695005371E-002  -2.0213188226911537E-003
   1110.0000000000000        1120.0000000000000        1.7829887044428474E-002   5.7775887748005904E-004
   1120.0000000000000        1130.0000000000000        1.7515205486325756E-002  -5.5285794270135277E-004
   1130.0000000000000        1140.0000000000000        1.7384910369005063E-002   3.4976442920948980E-004
   1140.0000000000000        1150.0000000000000        1.6887515872990280E-002  -4.6175066466298413E-004
   1150.0000000000000        1160.0000000000000        1.6147407557102488E-002  -2.0073030259154623E-003
   1160.0000000000000        1170.0000000000000        1.5652933331617269E-002   2.5518088232816434E-004
   1170.0000000000000        1180.0000000000000        1.5226266270550536E-002  -3.4934317999572809E-003
   1180.0000000000000        1190.0000000000000        1.4472037782435235E-002  -1.2789624076256344E-003
   1190.0000000000000        1200.0000000000000        1.4268637454370859E-002  -5.2087780930557134E-004
   1200.0000000000000        1210.0000000000000        1.3616640974131728E-002  -2.9515805480200331E-003
   1210.0000000000000        1220.0000000000000        1.3495310402393912E-002  -3.9215146005712465E-004
   1220.0000000000000        1230.0000000000000        1.2786428532907514E-002   1.2455085656829120E-003
   1230.0000000000000        1240.0000000000000        1.2354139007855791E-002  -1.5882840768282355E-003
   1240.0000000000000        1250.0000000000000        1.1698573847144169E-002  -2.3802504527987061E-003
   1250.0000000000000        1260.0000000000000        1.1522049643800296E-002   8.0757718055375627E-004
   1260.0000000000000        1270.0000000000000        1.1327672236019500E-002  -9.7368026784523554E-005
   1270.0000000000000        1280.0000000000000        1.0706387241431770E-002  -4.6868154744438120E-004
   1280.0000000000000        1290.0000000000000        1.0762133718347401E-002   9.4194186340608476E-004
   1290.0000000000000        1300.0000000000000        1.0286667817676669E-002   6.9434263163484805E-005
