 Scenerio II: m2=550GeV,m3=700GeV
 mu= 625 GeV
 for all of the numbers, unit is in pb
 LO QCD:    305.67599487304688      pb, NLO QCD:   243.70617675781250      pb,NLOW:   237.04260063171387      pb
 Total Cross Section is:   542.71859550476074     

 for M_ttbar distribution
 M_tt(min)             M_tt(max)                        delta\sigma_LO            delta\sigma_NLOW
   320.00000000000000        340.00000000000000        0.0000000000000000        0.0000000000000000     
   340.00000000000000        360.00000000000000        9.1373553489976658        8.1273423379859135     
   360.00000000000000        380.00000000000000        23.702733195408602        19.069815286594956     
   380.00000000000000        400.00000000000000        27.117908687298868        21.762683837520292     
   400.00000000000000        420.00000000000000        26.952110093211218        21.178693230627282     
   420.00000000000000        440.00000000000000        25.321395625350483        20.704641787635861     
   440.00000000000000        460.00000000000000        23.027989909637277        17.770072056826155     
   460.00000000000000        480.00000000000000        20.566475482832729        15.545236136118422     
   480.00000000000000        500.00000000000000        18.178190851842967        14.129916720103873     
   500.00000000000000        520.00000000000000        15.943725960743164        11.746965935865838     
   520.00000000000000        540.00000000000000        13.931017876120602        10.522347383007920     
   540.00000000000000        560.00000000000000        12.186425995796117        9.0692484311094788     
   560.00000000000000        580.00000000000000        10.599654015912312        8.1497361608957863     
   580.00000000000000        600.00000000000000        9.2539600054145765        7.1269349007147946     
   600.00000000000000        620.00000000000000        8.0453658780808333        5.9720650523280083     
   620.00000000000000        640.00000000000000        7.0394878635747924        5.3473050131050650     
   640.00000000000000        660.00000000000000        6.1702917697741553        4.7986606243955103     
   660.00000000000000        680.00000000000000        5.3763642102524036        4.1147940918815911     
   680.00000000000000        700.00000000000000        4.7178186663646162        3.5859029017398125     
   700.00000000000000        720.00000000000000        4.1474654785957021        3.0780634543964167     
   720.00000000000000        740.00000000000000        3.6528615108558853        2.7525027222851230     
   740.00000000000000        760.00000000000000        3.2186630119457238        2.3816178418819813     
   760.00000000000000        780.00000000000000        2.8319414782156271        2.1260218236983759     
   780.00000000000000        800.00000000000000        2.5251345633802420        1.8645636316419758     
   800.00000000000000        820.00000000000000        2.2202952350716050        1.6925779023568435     
   820.00000000000000        840.00000000000000        1.9738632669639977        1.4607695786170711     
   840.00000000000000        860.00000000000000        1.7484905598770957        1.3321441524011348     
   860.00000000000000        880.00000000000000        1.5638364319662923        1.1904191387813725     
   880.00000000000000        900.00000000000000        1.3978750607776289        1.0256665106573553     
   900.00000000000000        920.00000000000000        1.2411850728205496       0.93694933408754888     
   920.00000000000000        940.00000000000000        1.1183199225590315       0.86289795984284534     
   940.00000000000000        960.00000000000000       0.99459661117791665       0.71344774324330029     
   960.00000000000000        980.00000000000000       0.88789013261736993       0.67038614725650947     
   980.00000000000000        1000.0000000000000       0.80555819813788621       0.58315083422600189     
   1000.0000000000000        1020.0000000000000       0.72145398462305299       0.52424021269676446     
   1020.0000000000000        1040.0000000000000       0.65402599190569599       0.48547400460147888     
   1040.0000000000000        1060.0000000000000       0.58918955032811082       0.42988735309641607     
   1060.0000000000000        1080.0000000000000       0.53407141654726265       0.38634722751670458     
   1080.0000000000000        1100.0000000000000       0.47965532949901535       0.35513402710224506     
   1100.0000000000000        1120.0000000000000       0.43580584951009471       0.32722445802563838     
   1120.0000000000000        1140.0000000000000       0.39683190316574901       0.27761586424810664     
   1140.0000000000000        1160.0000000000000       0.35423064967181761       0.24918942099542607     
   1160.0000000000000        1180.0000000000000       0.32678769331641150       0.22534400809054719     
   1180.0000000000000        1200.0000000000000       0.29528377801329980       0.21950664703542064     
   1200.0000000000000        1220.0000000000000       0.26928089865942051       0.19058569296107844     
   1220.0000000000000        1240.0000000000000       0.24699281221822778       0.17558748416466510     
   1240.0000000000000        1260.0000000000000       0.22402331397858458       0.15009870014102208     
   1260.0000000000000        1280.0000000000000       0.20350826596445462       0.15656255761836571     
   1280.0000000000000        1300.0000000000000       0.18725618821413892       0.13619197375135586     

  ===========================================
 for transverse momentum distribution of top
 p_T(min)              p_T(max)                        delta\sigma_{LO QCD}        delta\sigma_{NLOW}
   0.0000000000000000        20.000000000000000        7.6805701185190181        6.9110189918769773     
   20.000000000000000        40.000000000000000        21.687217915113660        17.891682717160290     
   40.000000000000000        60.000000000000000        32.282233622947160        26.064683913210754     
   60.000000000000000        80.000000000000000        37.709486775995181        29.433997840450012     
   80.000000000000000        100.00000000000000        38.293073614460575        30.300747332330246     
   100.00000000000000        120.00000000000000        35.129339015917573        28.800240820884390     
   120.00000000000000        140.00000000000000        30.015850239447428        22.514125970410198     
   140.00000000000000        160.00000000000000        24.332570503982719        18.122280964889747     
   160.00000000000000        180.00000000000000        19.069956498582485        14.221889344494627     
   180.00000000000000        200.00000000000000        14.613915340125097        10.643015001623931     
   200.00000000000000        220.00000000000000        11.002422659866623        8.0601270309787765     
   220.00000000000000        240.00000000000000        8.2325554889038752        6.0838009225897567     
   240.00000000000000        260.00000000000000        6.1478067722826184        4.4219423748748188     
   260.00000000000000        280.00000000000000        4.5930463630846425        3.3763705639882877     
   280.00000000000000        300.00000000000000        3.4459896038819657        2.5419051673545887     
   300.00000000000000        320.00000000000000        2.5885643044634294        1.8269440464886686     
   320.00000000000000        340.00000000000000        1.9604776260610746        1.3817540026797763     
   340.00000000000000        360.00000000000000        1.4930818190164061        1.0418426460866121     
   360.00000000000000        380.00000000000000        1.1481524471931241       0.78870389745608704     
   380.00000000000000        400.00000000000000       0.88276099325696378       0.60912495286262480     
   400.00000000000000        420.00000000000000       0.68571064441882479       0.46046962347827730     
   420.00000000000000        440.00000000000000       0.53919592705767094       0.35735897964765473     
   440.00000000000000        460.00000000000000       0.42397924515235191       0.28591068702805583     
   460.00000000000000        480.00000000000000       0.33463528335218135       0.21271259463452116     
   480.00000000000000        500.00000000000000       0.26549466101302738       0.17570175487958903     

  ===========================================
 for PT_tt 
 pT_tt(min)              pT_tt(max)                    delta\sigma_{LO QCD}        delta\sigma_{NLOW}
   0.0000000000000000        50.000000000000000        305.76623578980389        110.92274147364697     
   50.000000000000000        100.00000000000000        0.0000000000000000        69.429838252800664     
   100.00000000000000        150.00000000000000        0.0000000000000000        26.462203843336397     
   150.00000000000000        200.00000000000000        0.0000000000000000        12.795136821397675     
   200.00000000000000        250.00000000000000        0.0000000000000000        6.9120368655668765     
   250.00000000000000        300.00000000000000        0.0000000000000000        3.9797788987002942     
   300.00000000000000        350.00000000000000        0.0000000000000000        2.3900436705998067     
   350.00000000000000        400.00000000000000        0.0000000000000000        1.4779742170139987     
   400.00000000000000        450.00000000000000        0.0000000000000000       0.93551237037151269     
   450.00000000000000        500.00000000000000        0.0000000000000000       0.60880414328144761     

  ===========================================
 for rapidity distribution of top and anti-top 
 y(min)              y(max)                            delta\sigma^t_{LO QCD}      delta\sigma^t_{NLOW}                  delta\sigma^tbar_{LO QCD}   delta\sigma^tbar_{NLOW}
  -100.00000000000000       -3.0000000000000000       0.85510572133436757       0.87707317982532318       0.84718263323995013       0.85113539461534971     
  -3.0000000000000000       -2.5000000000000000        4.0220607107992681        3.4270137989744565        4.0245078743686751        3.4417231176266427     
  -2.5000000000000000       -2.0000000000000000        10.760272773292224        8.9647063806138441        10.733592086972067        8.6870070127710157     
  -2.0000000000000000       -1.5000000000000000        20.391744458740348        15.889029873173181        20.421925286621242        16.195101000424447     
  -2.5000000000000000       -1.0000000000000000        31.060083345257635        24.169865237569965        31.082821830173046        23.104313787999303     
  -1.0000000000000000      -0.50000000000000000        40.296424908043733        30.948766395284011        40.213601240161601        30.904413853542295     
 -0.50000000000000000        0.0000000000000000        45.536976837691888        34.443003661984640        45.561489463400683        34.920554271893828     
   0.0000000000000000       0.50000000000000000        45.524620377205459        34.712643632569687        45.599513377772013        35.666565735848948     
  0.50000000000000000        1.0000000000000000        40.249355719331099        30.630207663315904        40.197501869460581        30.575170917371178     
   1.0000000000000000        1.5000000000000000        31.036702183522529        23.841232235701142        31.055492593997769        24.066426294173066     
   1.5000000000000000        2.0000000000000000        20.401345333974891        16.117626128986910        20.399290902912341        15.912964666030296     
   2.0000000000000000        2.5000000000000000        10.758933873208775        8.7730418840449307        10.762483705692775        8.6903297457942585     
   2.5000000000000000        3.0000000000000000        4.0255034615701097        3.5535810299317769        4.0210908906784173        3.3866846184008597     
   3.0000000000000000        100.00000000000000       0.84710608597260406       0.86992551335781287       0.84574203449032836       0.81532619876626666     
