# Scenerio II: m2=550GeV,m3=700GeV
# mu= 312.5 GeV
# for all of the numbers, unit is in pb
# LO QCD:    114.26799774169922      pb, NLO QCD:   73.184356689453125      pb,NLOW:   71.419341802597046      pb
# Total Cross Section is:   185.68733954429626     

#for M_ttbar distribution
# M_tt(min)                    delta\sigma_LO      #      delta\sigma_NLOW  
   340.00000000000000        3.9704551866561633        2.9739686245733665     
   360.00000000000000        10.067004963068218        6.8837704254649923     
   380.00000000000000        11.232941275587061        7.7681507304377027     
   400.00000000000000        10.941524041700823        7.1553746758782868     
   420.00000000000000        10.080349061114982        6.3192341890327581     
   440.00000000000000        9.0105847194282820        5.5579610759734743     
   460.00000000000000        7.9187123415495124        4.8709098054255708     
   480.00000000000000        6.8796784720662973        4.3085123099973588     
   500.00000000000000        5.9485788053281183        3.5801168808582275     
   520.00000000000000        5.1338820904724640        3.1733285373070332     
   540.00000000000000        4.3914270815782013        2.6344331889726571     
   560.00000000000000        3.7880821498828139        2.2845037770865142     
   580.00000000000000        3.2503081977225197        1.8726030415838957     
   600.00000000000000        2.7932534704682848        1.6184631108781664     
   620.00000000000000        2.4045647868441513        1.4055134556379936     
   640.00000000000000        2.0712243044753125        1.2346865339190896     
   660.00000000000000        1.7898265764001635        1.0437443381748572     
   680.00000000000000        1.5480739058308632       0.88790933926705440     
   700.00000000000000        1.3394135354377052       0.76479239319807846     
   720.00000000000000        1.1667271324458890       0.64495393511459520     
   740.00000000000000        1.0067780101545258       0.57335943686109703     
   760.00000000000000       0.88283416719868379       0.49074820202657465     
   780.00000000000000       0.76725768988340692       0.41802023649678594     
   800.00000000000000       0.67137760898173493       0.36336486463463785     
   820.00000000000000       0.59068899803045483       0.31471946444649990     
   840.00000000000000       0.51737392895588852       0.28859595808325933     
   860.00000000000000       0.45011147155670800       0.24818875612936420     
   880.00000000000000       0.39828970382901657       0.20853630665898759     
   900.00000000000000       0.35264886317473487       0.19629732974131850     
   920.00000000000000       0.31036347540850318       0.15851444171978313     
   940.00000000000000       0.27495302458808679       0.14834426150411317     
   960.00000000000000       0.24283497878530377       0.13076312086959840     
   980.00000000000000       0.21622831438814979       0.11157113629438913
   

#  ===========================================
# for transverse momentum distribution of top
# p_T(min)                     delta\sigma_{LO QCD}        delta\sigma_{NLOW}  
   60.000000000000000         14.804182843043147        10.044244878661191     
   80.000000000000000         14.813008793793539        9.8684433230594646     
   100.00000000000000         13.362763813436857        8.3042905557969693     
   120.00000000000000         11.229211371256508        6.7425256314416391     
   140.00000000000000         8.9359454748304543        5.2520737990685369     
   160.00000000000000         6.8670494436705694        4.0029998535864113     
   180.00000000000000         5.1425554132980515        2.8942707621307049     
   200.00000000000000         3.8014845958274628        2.1579901493263307     
   220.00000000000000         2.7916009651360398        1.4601840117240337     
   240.00000000000000         2.0378854503381429        1.0390647030304854     
   260.00000000000000         1.4945766906122495       0.75997876967274858     
   280.00000000000000         1.0952823734427781       0.51509472753868157     
   300.00000000000000        0.80804536813781813       0.37372219361214604     
   320.00000000000000        0.59907235765909683       0.27005760628728481     
   340.00000000000000        0.44420660686723545       0.19278443585002047     
   360.00000000000000        0.33417553312496623       0.13793378676010681     
   380.00000000000000        0.25363191751661018       0.10032222314788362     
   400.00000000000000        0.19229169523737330        7.1013366497743383E-002
   420.00000000000000        0.14746065444968856        5.6277089774359218E-002
   440.00000000000000        0.11357345997376386        3.7689650507522335E-002
   460.00000000000000         8.7921769342029055E-002   2.8914018462555202E-002
   480.00000000000000         6.8127968267692712E-002   1.9702284691275895E-002

#  ===========================================
# for PT_tt 
# pT_tt(min)                  delta\sigma_{LO QCD}        delta\sigma_{NLOW}
   0.0000000000000000        114.28464157887289        29.207348117683051     
   50.000000000000000        0.0000000000000000        24.556525009375289     
   100.00000000000000        0.0000000000000000        8.8192892914050489     
   150.00000000000000        0.0000000000000000        4.0526803191199940     
   200.00000000000000        0.0000000000000000        2.0861563192242190     
   250.00000000000000        0.0000000000000000        1.1415252422153623     
   300.00000000000000        0.0000000000000000       0.64929507668655173     
   350.00000000000000        0.0000000000000000       0.37961342655072916     
   400.00000000000000        0.0000000000000000       0.23008052307616378     
   450.00000000000000        0.0000000000000000       0.14101359188530019     

#  ===========================================
# for rapidity distribution of top 
# y(min)                    delta\sigma^t_{LO QCD}      delta\sigma^t_{NLOW} sigma^tbar_{NLOW}
  -3.0000000000000000     0.59139622377506551       0.48123105834076535      
  -2.5000000000000000      2.7109134613904886        1.9186179048053336      
  -2.0000000000000000      6.7065372871817122        4.3516584628532673      
  -1.5000000000000000      11.732571239752231        7.3434800558029441      
  -1.0000000000000000      16.311894984151085        10.003185452827378      
 -0.50000000000000000      19.057865383424001        11.646342967311110      
   0.0000000000000000      19.068494653827724        11.592800819036881      
  0.50000000000000000      16.309388839879649        9.9507070414134251      
   1.0000000000000000      11.715349981950803        7.3930189900503240      
   1.5000000000000000      6.7043968278891999        4.3508218598654302      
   2.0000000000000000      2.7129835598140466        1.9120666832368594      
   2.5000000000000000     0.59219349887418404       0.49284929478323403      

#  ===========================================
# for rapidity distribution of  anti-top 
# y(min)                                   delta\sigma^tbar_{LO QCD}   delta\sigma^tbar_{NLOW}
  -3.0000000000000000      0.59064276781854541       0.44344026827884114     
  -2.5000000000000000       2.7094923646117683        1.8062037025397715     
  -2.0000000000000000       6.7179622919475586        4.1895308241016291     
  -1.5000000000000000       11.705466806124912        7.0962196569230143     
  -1.0000000000000000       16.314319709547004        10.215109364544057     
 -0.50000000000000000       19.077858595428030        12.001248852904650     
   0.0000000000000000       19.051528644956612        11.726934836638124     
  0.50000000000000000       16.322000269544404        10.171298397714921     
   1.0000000000000000       11.717293436267683        7.2930581395000349     
   1.5000000000000000       6.7034928941896768        4.2799610413202345     
   2.0000000000000000       2.7123150741995636        1.7831078095747932     
   2.5000000000000000      0.59074969733155358       0.44008193578619587    



#  Antitop transverse momentum distribution
#      Bin low edge            QCD [LO]      QCD [NLO]   
                  60         14.77097396          0.0
                  80         14.79141212          0.0
                 100         13.35656416          0.0
                 120         11.20167354          0.0
                 140         8.921803928          0.0
                 160         6.852220931          0.0
                 180         5.137756896          0.0
                 200          3.79776293          0.0
                 220         2.783833598          0.0
                 240         2.035914275          0.0
                 260          1.48859899          0.0
                 280         1.092937274          0.0
                 300        0.8062027888          0.0
                 320        0.5966512779          0.0
                 340        0.4452739963          0.0
                 360        0.3335169272          0.0
                 380        0.2523863324          0.0
                 400        0.1917608701          0.0
                 420        0.1465908613          0.0
                 440        0.1130296113          0.0
                 460        0.0874297999          0.0
                 480        0.0681605156          0.0
                 500        0.2677651497          0.0


		   
#  Distribution of top/antitop rapidity difference
#      Bin low edge            QCD [LO]      QCD [NLO]  
                  -3       0.08123483624        0.0
                -2.5        0.6953145392        0.0
                  -2         3.088168071        0.0
                -1.5         8.764638094        0.0
                  -1         17.52513866        0.0
                -0.5         26.89759777        0.0
                   0         26.89507589        0.0
                 0.5         17.53490136        0.0
                   1         8.755801531        0.0
                 1.5         3.088181296        0.0
                   2        0.6946852183        0.0
                 2.5       0.08120683889        0.0