# Scenerio II: m2=550GeV,m3=700GeV
# mu= 625 GeV
# for all of the numbers, unit is in pb
# Cross section
# LO QCD:    305.67599487304688      pb, NLO QCD:   243.70617675781250      pb,NLOW:   237.04260063171387      pb
# Total Cross Section is:   542.71859550476074     
 
# Numerator
# LO QCD:    89.730308532714844      pb, NLO QCD:   82.451965332031250      pb,NLOW:   82.813555002212524      pb
# Total numerator is:   172.54386353492737     
# heli. corr.(unexpanded)   0.31792509960793081     
# heli. corr.(expanded)   0.33043031984676519     
 
# for M_ttbar distribution
# M_tt(min)                delta (O \sigma_LO)       delta (O \sigma_NLOW)       delta (O \sigma_2HDM_LO)
   340.00000000000000       0.76362292060108872       0.90521355071471421          0.0125336232574 
   350.00000000000000        4.8995711955975061        4.4153203441432787          0.0962043316707 
   360.00000000000000        6.4743693556576174        5.1908240509329371          0.124814872746  
   370.00000000000000        7.0044046368136934        5.7152358939534995          0.131286190215  
   380.00000000000000        7.0711260549313728        5.7618240281068847          0.124109055692  
   390.00000000000000        6.8511734959620734        5.4340502710645566          0.109941308041  
   400.00000000000000        6.4817847844135512        5.1604147438450854          0.0882455720956 
   410.00000000000000        6.0392305802686659        4.7434942846525683          0.0600268066699 
   420.00000000000000        5.5740634170338801        4.5636782772316584          0.0296835038081 
   430.00000000000000        5.0661110119537103        4.5168788675664917          -0.0056761024459
   440.00000000000000        4.5948863545361345        3.5854853307750147          -0.0445286040808
   450.00000000000000        4.1253536013289294        3.4930898734304185          -0.0905709496198
   460.00000000000000        3.7107870573073658        3.0530252700933316          -0.139406849897 
   470.00000000000000        3.3068074889019607        2.7229370813328826          -0.198113459373 
   480.00000000000000        2.9360333289659479        2.5172898921317692          -0.267776725082 
   490.00000000000000        2.6228347549039874        2.3541588454729858          -0.353897997957 
   500.00000000000000        2.3044848268099405        1.9414713523105216          -0.465355670548 
   510.00000000000000        2.0276378535122106        1.7411911820232810          -0.612018790871 
   520.00000000000000        1.7872509954815441        1.6058405831221612          -0.806236369822 
   530.00000000000000        1.5681064405874054        1.3884683671063145          -1.00136565248  
   540.00000000000000        1.3732781565369570        1.3129721076338794          -0.932279472076 
   550.00000000000000        1.1961753757761127        1.2011141235377440          -0.352401307467 
   560.00000000000000        1.0379836137540053        1.0577202522961748          0.181418955129  
   570.00000000000000       0.89608308840919837       0.95953402058966575          0.362019094505  
   580.00000000000000       0.77834898417668352       0.87676570650044638          0.376238676549  
   590.00000000000000       0.66335283708199089       0.70518972383238887          0.340837171704  
   600.00000000000000       0.56669647182599914       0.66051789687059825          0.296946580468  
   610.00000000000000       0.48731482804033499       0.56953566999036132          0.251295586352  
   620.00000000000000       0.40608507510238573       0.53196171459384278          0.20787936842   
   630.00000000000000       0.34075525697201831       0.45008537230675361          0.165773926372  
   640.00000000000000       0.28608383562388623       0.43454031663175491          0.122137748883  
   650.00000000000000       0.22999785992955502       0.43912779892769827          0.077343806406  
   660.00000000000000       0.17987212331065699       0.33059454621942624          0.0291286463575 
   670.00000000000000       0.14636450490448863       0.29705568513169101          -0.0212044029832
   680.00000000000000       0.11210456391864937       0.28786756717010431          -0.0696216264459
   690.00000000000000        8.3488357216913583E-002  0.23382985047313748          -0.106864201834 
   700.00000000000000        4.8492724905378280E-002  0.22739760210899274          -0.12327038862  
   710.00000000000000        3.2553365810543994E-002  0.18199777569357001          -0.11720846009  
   720.00000000000000        1.1729802003513305E-002  0.16127738078811571          -0.0952488374848
   730.00000000000000       -7.7782279206491589E-003  0.15465258344740240          -0.0698283712895
   740.00000000000000       -2.1537662298893458E-002  0.13995977778035321          -0.046154200946 
   750.00000000000000       -3.5237814899896650E-002  0.13751770069146660          -0.0273018507151
   760.00000000000000       -4.5881193214018977E-002  0.11685871893622968          -0.012977629437 
   770.00000000000000       -5.4373028058385363E-002   9.5484750922645273E-002     -0.0023916797702
   780.00000000000000       -6.0967352765859177E-002  0.10716020449414163          0.00467437477366
   790.00000000000000       -6.5230256203827011E-002   6.6190221122050724E-002     0.00975638343822
   800.00000000000000       -7.1319678018981231E-002   5.7063407137418129E-002     0.0133604215282 
   810.00000000000000       -8.0522291384023226E-002   6.1799690567009694E-002     0.015544489205  
   820.00000000000000       -8.0281482651467492E-002   5.2864423183737151E-002     0.0172704665601 
   830.00000000000000       -8.2045020276455813E-002   4.8783933477515182E-002     0.0177740062244 
   840.00000000000000       -8.5793798555872464E-002   4.8392869323898580E-002     0.0182420926129 
   850.00000000000000       -8.6040831375817195E-002   1.8222177332438735E-002     0.0182108482494 
   860.00000000000000       -8.8092736587023032E-002   3.9875934253656292E-002     0.0179900868743 
   870.00000000000000       -8.6817936841051713E-002   2.9947961059248948E-002     0.0177062835658 
   880.00000000000000       -8.5692579571932825E-002   3.2747361890997320E-002     0.017130091931  
   890.00000000000000       -8.7073252697378672E-002   1.8849478859870483E-002     0.0167661581976 
   900.00000000000000       -8.9610650423204527E-002   6.8583232678729907E-003     0.0160930730684 
   910.00000000000000       -8.7296811258574844E-002   1.8953402180722532E-002     0.0154612701946 
   920.00000000000000       -8.4570904267354627E-002   1.6258166744780672E-002     0.0149334085874 
   930.00000000000000       -8.4442027049492413E-002   1.2432309880489330E-002     0.0141916901164 
   940.00000000000000       -8.2749509488172640E-002  -2.6050171210298088E-003     0.0135662451919 
   950.00000000000000       -8.1107443591602824E-002   1.2268603484089150E-002     0.012852712681  
   960.00000000000000       -7.9958715398574354E-002   8.9705009031606150E-003     0.0122394156993 
   970.00000000000000       -7.8648336380656228E-002   8.7853889507804889E-003     0.0116115895488 
   980.00000000000000       -7.5234022615469687E-002   1.3873847952651671E-002     0.0112794882723 
   990.00000000000000       -7.4985060846895504E-002   6.8550455924942903E-003     0.0105390113814 
   1000.0000000000000       -7.3001232286662776E-002   6.8742031910533508E-003     0.0100426530377 
   1010.0000000000000       -7.0510581092102662E-002  -9.1496859527146202E-003     0.00957981116722
   1020.0000000000000       -6.9256989594514456E-002   7.9468374543494452E-003     0.00905765873232
   1030.0000000000000       -6.8686935907358665E-002   9.4046980512547396E-003     0.0086605379047 
   1040.0000000000000       -6.6345858021167090E-002  -5.6689551908933461E-003     0.00819656157725
   1050.0000000000000       -6.3949312930246249E-002   4.6295573419743111E-003     0.00771768071325
   1060.0000000000000       -6.2481786662636096E-002  -1.3615055505992041E-003     0.00737942705661
   1070.0000000000000       -5.9921477641544429E-002  -2.7876422686674597E-003     0.00695352138315
   1080.0000000000000       -5.8523146406488202E-002   1.3429820308869210E-003     0.00671733871247
   1090.0000000000000       -5.6014174562735081E-002   2.8306158228342190E-003     0.00635031660769
   1100.0000000000000       -5.5107402188818801E-002  -5.7746261003731661E-003     0.00606916625121
   1110.0000000000000       -5.3660993394524389E-002  -5.0711009749500827E-003     0.00570404876686
   1120.0000000000000       -5.1709148708989065E-002  -3.2090205114445255E-003     0.00536963965681
   1130.0000000000000       -4.9179354645843831E-002   1.1778444093613798E-003     0.00511173014218
   1140.0000000000000       -4.9685175899857895E-002  -3.4703054281331313E-003     0.00488978212141
   1150.0000000000000       -4.6697026517113417E-002  -1.3973930729033850E-003     0.00468182151522
   1160.0000000000000       -4.5857253713662567E-002  -1.0825247568137106E-002     0.00442163679094
   1170.0000000000000       -4.3625941729820053E-002   2.2600481296822751E-003     0.00426221602487
   1180.0000000000000       -4.2394166520108294E-002   6.8567349119832109E-004     0.00398230265173
   1190.0000000000000       -4.0657068026292473E-002  -5.3212629696090669E-003     0.0037462346655 




# mean: opening angle
# distribution: Mtt
#	bin low		val QCD LO	     val QCD NLO   	                val 2HDM
	340.00		-0.624236046622	     -0.87850333567020356       	-0.0123122754028
	350.00		-4.57098919454	     -4.1844843507931566        	-0.09039569071
	360.00		-5.60057899523	     -4.6589632848904197        	-0.110007324381
	370.00		-5.68989324065	     -4.8445604237137312        	-0.10895255927
	380.00		-5.40793389863	     -4.6046181739435008        	-0.0982270408567
	390.00		-4.98784103542	     -4.1991416509206090        	-0.0823517863526
	400.00		-4.51370139005	     -3.8865502164548915        	-0.0630300417712
	410.00		-4.03179998799	     -3.4523134486596447        	-0.0419925074266
	420.00		-3.5727916525	     -3.2308919461995464        	-0.0196004025118
	430.00		-3.15226670857	     -3.1011408400358635        	0.00325900784982
	440.00		-2.77511872415	     -2.4340080224732605        	0.0282981184037
	450.00		-2.42911631309	     -2.2858064387279762        	0.0545091662673
	460.00		-2.12277476001	     -1.9994555287526081        	0.0821824494065
	470.00		-1.85413493266	     -1.7687194745199435        	0.113715181432
	480.00		-1.6127106341	     -1.5968518142246655        	0.15076162727
	490.00		-1.40418218661	     -1.4668021992200828        	0.194554703453
	500.00		-1.22435653736	     -1.2077344960098360        	0.250704798975
	510.00		-1.05819606151	     -1.0896988270999095        	0.32341204487
	520.00		-0.917632186241	     -0.98744371841652290        	0.418880287073
	530.00		-0.79574823651	     -0.83953493941969748        	0.510442115393
	540.00		-0.685744419653	     -0.76716868430099006        	0.469384976859
	550.00		-0.595318413372	     -0.72621464514148204        	0.174878290767
	560.00		-0.511526057538	     -0.61571757080207590        	-0.0887338026469
	570.00		-0.439983767201	     -0.57050726593297474        	-0.174353806947
	580.00		-0.374680789856	     -0.53775481791193902        	-0.178664917763
	590.00		-0.322488374785	     -0.42093468626851599        	-0.16033454354
	600.00		-0.277637639877	     -0.39027485874284329        	-0.137824783311
	610.00		-0.23193557827	     -0.33874719278181581        	-0.115440699442
	620.00		-0.197046747443	     -0.31792041615876854        	-0.0943776847763
	630.00		-0.164544894542	     -0.26854622267975564        	-0.0745469933577
	640.00		-0.138558363247	     -0.25206868729979126        	-0.0545814225901
	650.00		-0.111553532882	     -0.25737249218912406        	-0.0344858627262
	660.00		-0.0932878045671     -0.20705297096900369        	-0.0126026322809
	670.00		-0.0740915821014     -0.16709524415409668        	0.0093941386495
	680.00		-0.0599563706584     -0.16491961145785725        	0.0304133236647
	690.00		-0.046027855192	     -0.15364715577375829        	0.0454162579851
	700.00		-0.0329867245443     -0.12903496264530759        	0.0525800828009
	710.00		-0.0234944400224     -0.11259816048892980        	0.0490440138576
	720.00		-0.0144629619317     -0.10258936086160945        	0.0404906984018
	730.00		-0.00833012578198    -9.4212834916133290E-002   	0.0291580792976
	740.00		0.00133162631549     -8.8571786499935426E-002   	0.0187949316197
	750.00		0.0047598041739	     -8.0339136247806253E-002   	0.0113938683246
	760.00		0.0112679234619	     -7.4241368148775286E-002   	0.00529252702505
	770.00		0.0128829472179	     -6.2166753005885249E-002   	0.0011038865229
	780.00		0.0164528970829	     -6.2449365366765146E-002   	-0.00195263469551
	790.00		0.0210642661121	     -4.9562360325105907E-002   	-0.00403163354101
	800.00		0.0221078326294	     -4.2740438895040513E-002   	-0.00536421170602
	810.00		0.0250353145433	     -4.5065374874413817E-002   	-0.00627336630343
	820.00		0.0252732652715	     -4.1586668548726675E-002   	-0.00670998252333
	830.00		0.0264673877348	     -3.7965795094073641E-002   	-0.00716772612603
	840.00		0.0297717408476	     -3.5589293892516492E-002   	-0.00715253884782
	850.00		0.0290025532446	     -2.1123148099916181E-002   	-0.00716425951453
	860.00		0.0275244458317	     -3.1604281104345947E-002   	-0.0070839596042
	870.00		0.0294416204274	     -2.5720834605426235E-002   	-0.00691025147304
	880.00		0.0287909697694	     -2.1415850869346709E-002   	-0.00668986616621
	890.00		0.030161223585	     -1.6877861871391349E-002   	-0.00642514961931
	900.00		0.0287103600147	     -1.8424072735720481E-002   	-0.00619169784336
	910.00		0.0298331182741	     -1.5066195903795690E-002   	-0.00599652445279
	920.00		0.028428513425	     -1.7135982373618516E-002   	-0.00568654310428
	930.00		0.029703264007	     -1.4623068913863663E-002   	-0.00537034975695
	940.00		0.0274483243093	     -1.0520657146299120E-002   	-0.00518492864389
	950.00		0.0283569689797	     -1.0744248934717400E-002   	-0.00490185234548
	960.00		0.0272372836967	     -1.1311327132971507E-002   	-0.00467118933223
	970.00		0.0270753158125	     -1.0087826506306278E-002   	-0.00441966559916
	980.00		0.025990925148	     -8.9813477714614353E-003   	-0.00420093635439
	990.00		0.0251438537008	     -4.7766038621149835E-003   	-0.00397446638098
	1000.00		0.0256256857585	     -8.7034025797912591E-003   	-0.00383925916817
	1010.00		0.0248808731571	     -1.9933681746085439E-003   	-0.00355112119386
	1020.00		0.0237864240655	     -6.8538819632737594E-003   	-0.0033805584243
	1030.00		0.0225330567072	     -5.8134122921350596E-003   	-0.00322108118475
	1040.00		0.022581052562	     -2.6672279447764367E-003   	-0.00304365020111
	1050.00		0.0220735165097	     -6.7393517843274868E-003   	-0.00287379923789
	1060.00		0.0209660551462	     -7.9286771825401448E-004   	-0.00277819199238
	1070.00		0.0209996917842	      6.8314201172616634E-005   	-0.00261104384957
	1080.00		0.0205168733649	     -1.7186694629101943E-003   	-0.00242468009226
	1090.00		0.0192348430752	     -3.0787856338997965E-003   	-0.00235024269467
	1100.00		0.0185287289929	     -2.0213188226911537E-003   	-0.00221144916725
	1110.00		0.0180388415561	      5.7775887748005904E-004   	-0.00208030205347
	1120.00		0.0175519536748	     -5.5285794270135277E-004   	-0.00199289381084
	1130.00		0.0177594511861	      3.4976442920948980E-004   	-0.00186528036828
	1140.00		0.0164091126466	     -4.6175066466298413E-004   	-0.0017815929826
	1150.00		0.01693905693	     -2.0073030259154623E-003   	-0.00170456787675
	1160.00		0.0152201104846	      2.5518088232816434E-004   	-0.001627154881
	1170.00		0.015020053751	     -3.4934317999572809E-003   	-0.00149842657519
	1180.00		0.0146502477161	     -1.2789624076256344E-003   	-0.00141974941316
	1190.00		0.0142103284296	     -5.2087780930557134E-004   	-0.00137460776119



# <kt.st>(full denominator)    3.8183230508201868E-003
# <kt.st>(LO   denominator)     6.7793184878166199E-003

# for M_ttbar distribution
# M_tt(min)               val QCD LO     delta (O \sigma_W)          val 2HDM  
   340.00000000000000     0              7.9696342070026144E-004     0            
   350.00000000000000     0              1.1021183292683968E-002     0            
   360.00000000000000     0              2.2496315023907046E-002     0            
   370.00000000000000     0              3.1382480226290095E-002     0            
   380.00000000000000     0              3.8928736738536321E-002     0            
   390.00000000000000     0              4.4579614344354257E-002     0            
   400.00000000000000     0              4.8753462386183249E-002     0            
   410.00000000000000     0              5.2258331961798743E-002     0            
   420.00000000000000     0              5.4264903385593491E-002     0            
   430.00000000000000     0              5.4971653872182349E-002     0            
   440.00000000000000     0              5.6032854907210314E-002     0            
   450.00000000000000     0              5.5988417309247585E-002     0            
   460.00000000000000     0              5.6015241300034338E-002     0            
   470.00000000000000     0              5.5813848691230072E-002     0            
   480.00000000000000     0              5.4820339584512559E-002     0            
   490.00000000000000     0              5.4028973507860484E-002     0            
   500.00000000000000     0              5.3020933145009830E-002     0            
   510.00000000000000     0              5.1689993228601683E-002     0            
   520.00000000000000     0              5.0599848918201934E-002     0            
   530.00000000000000     0              4.8900020962549799E-002     0            
   540.00000000000000     0              4.6852895603954926E-002     0            
   550.00000000000000     0              4.4796101222643693E-002     0            
   560.00000000000000     0              4.3729658786110216E-002     0            
   570.00000000000000     0              4.2273464552196514E-002     0            
   580.00000000000000     0              4.0631212210759091E-002     0            
   590.00000000000000     0              3.9267477155322826E-002     0            
   600.00000000000000     0              3.7900788020332914E-002     0            
   610.00000000000000     0              3.6491973687513432E-002     0            
   620.00000000000000     0              3.4706154578588430E-002     0            
   630.00000000000000     0              3.3116611482214398E-002     0            
   640.00000000000000     0              3.1879932226631699E-002     0            
   650.00000000000000     0              3.0306991244978401E-002     0            
   660.00000000000000     0              2.9380562110777605E-002     0            
   670.00000000000000     0              2.8100944238624376E-002     0            
   680.00000000000000     0              2.6937409315083396E-002     0            
   690.00000000000000     0              2.5737936802502404E-002     0            
   700.00000000000000     0              2.4590591722086184E-002     0            
   710.00000000000000     0              2.3592863817789852E-002     0            
   720.00000000000000     0              2.2371616737681711E-002     0            
   730.00000000000000     0              2.1400675184680272E-002     0            
   740.00000000000000     0              2.0627405380851279E-002     0            
   750.00000000000000     0              1.9139728663175013E-002     0            
   760.00000000000000     0              1.8845051448887838E-002     0            
   770.00000000000000     0              1.8065664223171289E-002     0            
   780.00000000000000     0              1.7152718446170813E-002     0            
   790.00000000000000     0              1.6538237039295259E-002     0            
   800.00000000000000     0              1.5834249912108623E-002     0            
   810.00000000000000     0              1.5166833633490879E-002     0            
   820.00000000000000     0              1.4586266181526891E-002     0            
   830.00000000000000     0              1.3900376806216058E-002     0            
   840.00000000000000     0              1.2971982300815990E-002     0            
   850.00000000000000     0              1.2637257370812486E-002     0            
   860.00000000000000     0              1.2075730969805675E-002     0            
   870.00000000000000     0              1.1772381548917507E-002     0            
   880.00000000000000     0              1.1123446577453755E-002     0            
   890.00000000000000     0              1.0725794004515541E-002     0            
   900.00000000000000     0              1.0181821095305858E-002     0            
   910.00000000000000     0              9.9030112219396210E-003     0            
   920.00000000000000     0              9.3980839382293464E-003     0            
   930.00000000000000     0              9.0409512031478893E-003     0            
   940.00000000000000     0              8.6615022076704101E-003     0            
   950.00000000000000     0              8.3770626368147652E-003     0            
   960.00000000000000     0              7.8960183614561474E-003     0            
   970.00000000000000     0              7.6549950121654331E-003     0            
   980.00000000000000     0              7.3032642120091917E-003     0            
   990.00000000000000     0              7.0073447405841170E-003     0            
   1000.0000000000000     0              6.7412889206222674E-003     0            
   1010.0000000000000     0              6.5080769996892279E-003     0            
   1020.0000000000000     0              6.2245375678408885E-003     0            
   1030.0000000000000     0              5.9697542624918319E-003     0            
   1040.0000000000000     0              5.7152467129550312E-003     0            
   1050.0000000000000     0              5.4944799433034354E-003     0            
   1060.0000000000000     0              5.2497348397619620E-003     0            
   1070.0000000000000     0              5.0200965890804475E-003     0            
   1080.0000000000000     0              4.8637164471318391E-003     0            
   1090.0000000000000     0              4.6855666489801460E-003     0            
   1100.0000000000000     0              4.4934811675099804E-003     0            
   1110.0000000000000     0              4.2729348385132666E-003     0            
   1120.0000000000000     0              4.1371195469881621E-003     0            
   1130.0000000000000     0              3.9886932258205157E-003     0            
   1140.0000000000000     0              3.8074123542424752E-003     0            
   1150.0000000000000     0              3.6697854139699448E-003     0            
   1160.0000000000000     0              3.5465507269943279E-003     0            
   1170.0000000000000     0              3.4091558259874274E-003     0            
   1180.0000000000000     0              3.2958124561567872E-003     0            
   1190.0000000000000     0              3.1438566767888329E-003     0            
